1 4 4 53
1 5 5 53
1 6 6 211
1 7 7 211
1 8 8 211
1 9 9 211
1 10 10 211
1 11 11 211
1 12 12 1847
1 13 13 1847
1 14 14 2179
1 15 15 2179
1 16 16 2179
1 17 17 2179
1 18 18 3967
1 19 19 3967
1 20 20 16033
-----------------------
1 4 4 53
1 5 5 53
1 6 6 211
1 7 7 211
1 8 8 211
1 9 9 211
1 10 10 211
1 11 11 211
1 12 12 1847
1 13 13 1847
1 14 14 2179
1 15 15 2179
1 16 16 2179
1 17 17 2179
1 18 18 3967
1 19 19 3967
1 20 20 16033
-----------------------
1 4 4 53
1 5 5 53
1 6 6 211
1 7 7 211
1 8 8 211
1 9 9 211
1 10 10 211
1 11 11 211
1 12 12 1847
1 13 13 1847
1 14 14 2179
1 15 15 2179
1 16 16 2179
1 17 17 2179
1 18 18 3967
1 19 19 3967
-----------------------
1 4 4 53
1 5 5 53
1 6 6 211
1 7 7 211
1 8 8 211
1 9 9 211
1 10 10 211
1 11 11 211
1 12 12 1847
1 13 13 1847
1 14 14 2179
1 15 15 2179
1 16 16 2179
1 17 17 2179
1 18 18 3967
1 19 19 3967
1 20 20 16033
1 21 21 16033
1 22 22 16033
1 23 23 16033
1 24 24 24281
1 25 25 24281
2 8 8 127
2 10 10 211
2 12 12 331
2 14 14 541
2 16 16 1259
2 18 18 2179
2 20 20 2179
2 22 22 2179
2 24 24 2503
2 26 26 7789
2 28 28 10007
2 30 30 24281
2 32 32 24281
2 34 34 33247
2 36 36 35671
2 38 38 35671
2 40 40 35671
2 42 42 35671
2 44 44 35671
2 46 46 35671
2 48 48 35671
2 50 50 35671
3 12 12 211
3 15 15 331
3 18 18 907
3 21 21 1399
3 24 24 2179
3 27 27 2503
3 30 30 9587
3 33 33 10391
3 36 36 18859
3 39 39 18859
3 42 42 35671
3 45 45 35671
3 48 48 35671
3 51 51 35671
3 54 54 35671
3 57 57 35671
3 60 60 204233
3 63 63 204233
3 66 66 448519
3 69 69 453451
3 72 72 749557
3 75 75 749557
4 16 16 131
4 20 20 547
4 24 24 1361
4 28 28 1361
4 32 32 1361
4 36 36 7393
4 40 40 18637
4 44 44 18859
4 48 48 18859
4 52 52 35671
4 56 56 35671
4 60 60 121789
4 64 64 175211
4 68 68 237487
4 72 72 237487
4 76 76 250583
4 80 80 250583
4 84 84 623171
4 88 88 623171
4 92 92 668407
4 96 96 668407
4 100 100 668407
5 20 20 307
5 25 25 911
5 30 30 1361
5 35 35 1361
5 40 40 4861
5 45 45 18587
5 50 50 18859
5 55 55 35671
5 60 60 35671
5 65 65 35671
-----------------------
1 4 4 53
1 5 5 53
1 6 6 211
1 7 7 211
1 8 8 211
1 9 9 211
1 10 10 211
1 11 11 211
1 12 12 1847
1 13 13 1847
1 14 14 2179
1 15 15 2179
1 16 16 2179
1 17 17 2179
1 18 18 3967
1 19 19 3967
1 20 20 16033
1 21 21 16033
1 22 22 16033
1 23 23 16033
1 24 24 24281
1 25 25 24281
2 8 8 127
2 10 10 211
2 12 12 331
2 14 14 541
2 16 16 1259
2 18 18 2179
2 20 20 2179
2 22 22 2179
2 24 24 2503
2 26 26 7789
2 28 28 10007
2 30 30 24281
2 32 32 24281
2 34 34 33247
2 36 36 35671
2 38 38 35671
2 40 40 35671
2 42 42 35671
2 44 44 35671
2 46 46 35671
2 48 48 35671
2 50 50 35671
3 12 12 211
3 15 15 331
3 18 18 907
3 21 21 1399
3 24 24 2179
3 27 27 2503
3 30 30 9587
3 33 33 10391
3 36 36 18859
3 39 39 18859
3 42 42 35671
3 45 45 35671
3 48 48 35671
3 51 51 35671
3 54 54 35671
3 57 57 35671
3 60 60 204233
3 63 63 204233
3 66 66 448519
3 69 69 453451
3 72 72 749557
3 75 75 749557
4 16 16 131
4 20 20 547
4 24 24 1361
4 28 28 1361
4 32 32 1361
4 36 36 7393
4 40 40 18637
4 44 44 18859
4 48 48 18859
4 52 52 35671
4 56 56 35671
4 60 60 121789
4 64 64 175211
4 68 68 237487
4 72 72 237487
4 76 76 250583
4 80 80 250583
4 84 84 623171
4 88 88 623171
4 92 92 668407
4 96 96 668407
4 100 100 668407
5 20 20 307
5 25 25 911
5 30 30 1361
5 35 35 1361
5 40 40 4861
5 45 45 18587
5 50 50 18859
5 55 55 35671
5 60 60 35671
5 65 65 35671
5 70 70 110161
5 75 75 183167
5 80 80 250583
5 85 85 268403
5 90 90 283303
5 95 95 404671
5 100 100 404671
5 105 105 1349531
5 110 110 1349531
5 115 115 1349531
5 120 120 2539829
5 125 125 3323399
6 24 24 311
6 30 30 1361
6 36 36 1361
6 42 42 1373
6 48 48 5953
6 54 54 18859
6 60 60 34061
6 66 66 35671
6 72 72 35671
6 78 78 69593
6 84 84 180907
6 90 90 180907
6 96 96 268403
6 102 102 404671
6 108 108 668347
6 114 114 668347
6 120 120 668347
6 126 126 1856581
6 132 132 3018881
6 138 138 3323399
6 144 144 3323399
6 150 150 9739493
7 28 28 313
7 35 35 1361
7 42 42 1367
7 49 49 1373
7 56 56 7393
7 63 63 29947
7 70 70 34039
7 77 77 44371
7 84 84 69593
7 91 91 69593
7 98 98 250543
7 105 105 404671
7 112 112 668347
7 119 119 668347
7 126 126 783931
7 133 133 1856581
7 140 140 3018881
7 147 147 3018881
7 154 154 3422971
7 161 161 9739493
7 168 168 9739493
7 175 175 9739493
8 32 32 503
8 40 40 1171
8 48 48 1373
8 56 56 5939
8 64 64 15991
8 72 72 23447
8 80 80 38459
8 88 88 69593
8 96 96 162109
8 104 104 268403
8 112 112 286243
8 120 120 404693
8 128 128 668347
8 136 136 668347
8 144 144 1856599
8 152 152 3323399
8 160 160 3422971
8 168 168 9739451
8 176 176 9739451
8 184 184 9739493
8 192 192 9739493
8 200 200 29427037
9 36 36 503
9 45 45 1361
9 54 54 1367
9 63 63 7417
9 72 72 18617
9 81 81 34031
9 90 90 44389
9 99 99 107453
9 108 108 107467
9 117 117 286199
9 126 126 404671
9 135 135 492251
9 144 144 1357351
9 153 153 1856599
9 162 162 3018881
9 171 171 3018881
9 180 180 9739451
9 189 189 9739451
9 198 198 9739493
9 207 207 22440841
9 216 216 29427023
9 225 225 65069551
10 40 40 509
10 50 50 1361
10 60 60 5939
10 70 70 5953
10 80 80 23447
10 90 90 34031
10 100 100 68329
10 110 110 69623
10 120 120 237547
10 130 130 286199
10 140 140 492227
10 150 150 1357351
10 160 160 1856581
10 170 170 2091053
10 180 180 6371347
10 190 190 9739451
10 200 200 9739451
10 210 210 17492317
10 220 220 29427023
10 230 230 29427023
10 240 240 29427037
10 250 250 70216459
11 44 44 509
11 55 55 1361
11 66 66 5309
11 77 77 6469
11 88 88 23431
11 99 99 38453
11 110 110 66221
11 121 121 107473
11 132 132 237547
11 143 143 404693
11 154 154 668347
11 165 165 1320607
11 176 176 1468189
11 187 187 1468189
11 198 198 9739451
11 209 209 9739451
11 220 220 16936753
11 231 231 22440841
11 242 242 29427023
11 253 253 70216459
11 264 264 70216459
11 275 275 70216483
12 48 48 937
12 60 60 1361
12 72 72 5953
12 84 84 18859
12 96 96 23431
12 108 108 38447
12 120 120 69623
12 132 132 237547
12 144 144 360611
12 156 156 561599
12 168 168 1320607
12 180 180 1468163
12 192 192 1468189
12 204 204 6371347
12 216 216 9739493
12 228 228 16936753
12 240 240 17492359
12 252 252 25180321
